[gd_scene load_steps=2 format=2]

[ext_resource path="res://Objects/BrickPos.tscn" type="PackedScene" id=2]

[node name="BrickPos" type="Spatial"]

[node name="BrickPos" parent="." instance=ExtResource( 2 )]

[node name="BrickPos2" parent="." instance=ExtResource( 2 )]
transform = Transform( 0.707107, 0, -0.707107, 0, 1, 0, 0.707107, 0, 0.707107, 2, 0.2, 2 )

[node name="BrickPos3" parent="." instance=ExtResource( 2 )]
transform = Transform( 1, 0, -5.96046e-08, 0, 1, 0, 5.96046e-08, 0, 1, 3, 0.2, 0 )

[node name="BrickPos4" parent="." instance=ExtResource( 2 )]
transform = Transform( 0.707107, 0, 0.707107, 0, 1, 0, -0.707107, 0, 0.707107, 2, 0.2, -2 )

[node name="BrickPos5" parent="." instance=ExtResource( 2 )]
transform = Transform( 5.96046e-08, 0, 1, 0, 1, 0, -1, 0, 5.96046e-08, 9.53674e-07, 0.2, -3 )

[node name="BrickPos6" parent="." instance=ExtResource( 2 )]
transform = Transform( -0.707107, 0, 0.707107, 0, 1, 0, -0.707107, 0, -0.707107, -2, 0.2, -2 )

[node name="BrickPos7" parent="." instance=ExtResource( 2 )]
transform = Transform( -1, 0, 5.96046e-08, 0, 1, 0, -5.96046e-08, 0, -1, -3, 0.2, 0 )

[node name="BrickPos8" parent="." instance=ExtResource( 2 )]
transform = Transform( -0.707107, 0, -0.707107, 0, 1, 0, 0.707107, 0, -0.707107, -2, 0.2, 2 )
