[gd_scene load_steps=2 format=2]

[ext_resource path="res://Objects/BrickPos.tscn" type="PackedScene" id=2]

[node name="BrickPos" type="Spatial"]

[node name="BrickPos" parent="." instance=ExtResource( 2 )]
transform = Transform( 0.381135, 0, -0.924519, 0, 1, 0, 0.924519, 0, 0.381135, 1.1434, 0.2, 2.77356 )

[node name="BrickPos2" parent="." instance=ExtResource( 2 )]
transform = Transform( 0.923237, 0, -0.384231, 0, 1, 0, 0.384231, 0, 0.923237, 2.61131, 0.2, 1.08677 )

[node name="BrickPos3" parent="." instance=ExtResource( 2 )]
transform = Transform( 0.924519, 0, 0.381135, 0, 1, 0, -0.381135, 0, 0.924519, 2.77356, 0.2, -1.1434 )

[node name="BrickPos4" parent="." instance=ExtResource( 2 )]
transform = Transform( 0.384231, 0, 0.923237, 0, 1, 0, -0.923237, 0, 0.384231, 1.08677, 0.2, -2.61131 )

[node name="BrickPos5" parent="." instance=ExtResource( 2 )]
transform = Transform( -0.381135, 0, 0.924519, 0, 1, 0, -0.924519, 0, -0.381135, -1.1434, 0.2, -2.77356 )

[node name="BrickPos6" parent="." instance=ExtResource( 2 )]
transform = Transform( -0.923237, 0, 0.384231, 0, 1, 0, -0.384231, 0, -0.923237, -2.61131, 0.2, -1.08677 )

[node name="BrickPos7" parent="." instance=ExtResource( 2 )]
transform = Transform( -0.924519, 0, -0.381135, 0, 1, 0, 0.381135, 0, -0.924519, -2.77356, 0.2, 1.1434 )

[node name="BrickPos8" parent="." instance=ExtResource( 2 )]
transform = Transform( -0.384231, 0, -0.923237, 0, 1, 0, 0.923237, 0, -0.384231, -1.08677, 0.2, 2.61131 )
