[gd_scene load_steps=2 format=2]

[ext_resource path="res://Objects/Brick.tscn" type="PackedScene" id=2]

[node name="SceneBricks1" type="Spatial"]

[node name="Brick" parent="." instance=ExtResource( 2 )]
transform = Transform( -4.37114e-08, 0, 1, 0, 1, 0, -1, 0, -4.37114e-08, 0, 0.2, 3 )
pickable = false

[node name="Brick2" parent="." instance=ExtResource( 2 )]
transform = Transform( -0.707107, 0, 0.707107, 0, 1, 0, -0.707107, 0, -0.707107, 2, 0.2, 2 )
pickable = false

[node name="Brick3" parent="." instance=ExtResource( 2 )]
transform = Transform( -1, 0, -5.96046e-08, 0, 1, 0, 5.96046e-08, 0, -1, 3, 0.2, 0 )
pickable = false

[node name="Brick4" parent="." instance=ExtResource( 2 )]
transform = Transform( -0.707107, 0, -0.707107, 0, 1, 0, 0.707107, 0, -0.707107, 2, 0.2, -2 )
pickable = false

[node name="Brick5" parent="." instance=ExtResource( 2 )]
transform = Transform( 5.96046e-08, 0, -1, 0, 1, 0, 1, 0, 5.96046e-08, 9.53674e-07, 0.2, -3 )
pickable = false

[node name="Brick6" parent="." instance=ExtResource( 2 )]
transform = Transform( 0.707107, 0, -0.707107, 0, 1, 0, 0.707107, 0, 0.707107, -2, 0.2, -2 )
pickable = false

[node name="Brick7" parent="." instance=ExtResource( 2 )]
transform = Transform( 1, 0, 5.96046e-08, 0, 1, 0, -5.96046e-08, 0, 1, -3, 0.2, 0 )
pickable = false

[node name="Brick8" parent="." instance=ExtResource( 2 )]
transform = Transform( 0.707107, 0, 0.707107, 0, 1, 0, -0.707107, 0, 0.707107, -2, 0.2, 2 )
pickable = false
